1 4988 9521 
1 3163 4477 
1 3380 5658 
1 5921 2110 
1 7294 634 
1 1136 114 
1 262 6908 
1 828 618 
1 87 7055 
1 2383 1066 
1 410 3114 
1 778 7283 
1 1981 418 
1 276 2422 
1 5547 7160 
1 6092 440 
1 2299 364 
1 61 1910 
1 6523 55 
1 1573 3001 
1 964 7259 
1 118 3290 
1 1341 1113 
1 820 3268 
1 380 6111 
1 156 651 
1 799 3489 
1 776 6884 
1 584 8050 
1 227 123 
1 2100 9742 
1 550 757 
1 2154 66 
1 181 2536 
1 323 2767 
1 813 1506 
1 7854 1409 
1 1081 1972 
1 84 126 
1 7710 1512 
1 4063 1360 
1 1586 4499 
1 863 2047 
1 1433 471 
1 366 2812 
1 180 8935 
1 6509 9538 
1 2710 1384 
1 798 3753 
1 573 7986 
1 3966 119 
1 345 1785 
1 876 1592 
1 358 333 
1 7143 140 
1 3899 65 
1 1103 3719 
1 3520 281 
1 879 3825 
1 7913 2746 
1 168 2116 
1 7208 551 
1 253 3429 
1 6016 3983 
1 2304 1218 
1 719 1349 
1 5292 1032 
1 5062 9879 
1 1410 715 
1 4598 61 
1 1065 8087 
1 643 227 
1 1318 251 
1 663 1764 
1 1205 255 
1 3421 160 
1 1299 713 
1 102 105 
1 2160 59 
1 2696 5510 
1 83 5644 
1 2324 4552 
1 7022 54 
1 437 8036 
1 618 4984 
1 2169 1066 
1 587 4935 
1 432 4295 
1 778 7474 
1 126 2510 
1 9996 563 
1 625 1194 
1 2865 9034 
1 8688 144 
1 4040 293 
1 121 1205 
1 9538 98 
1 5737 189 
1 1139 2931 
1 1927 434 
1 6878 1411 
1 40 7827 
1 9651 10 
1 510 88 
1 3095 900 
1 635 1362 
1 32 155 
1 393 74 
1 4072 286 
1 761 1672 
1 7478 8303 
1 5613 269 
1 1768 389 
1 211 1521 
1 78 8973 
1 823 360 
1 6417 2042 
1 956 1553 
1 4665 4072 
1 805 2413 
1 2568 1842 
1 70 530 
1 3960 8074 
1 3144 3934 
1 3684 54 
1 836 69 
1 1467 149 
1 1599 4715 
1 371 234 
1 946 1343 
1 462 1426 
1 444 9025 
1 31 2708 
1 3210 7120 
1 324 6256 
1 171 3607 
1 123 4904 
1 3473 6767 
1 4182 4524 
1 8579 4637 
1 4307 441 
1 3420 2590 
1 5557 590 
1 3692 3907 
1 3200 4026 
1 6874 7706 
1 86 1938 
1 6485 3668 
1 5020 9598 
1 1569 1749 
1 818 1206 
1 1842 165 
1 299 2493 
1 2123 1002 
1 5628 982 
1 315 6173 
1 770 915 
1 2112 390 
1 2517 680 
1 1763 7148 
1 4006 8517 
1 374 4202 
1 2769 7967 
1 5084 166 
1 7566 140 
1 154 1672 
1 3930 816 
1 7066 4083 
1 354 5678 
1 3431 4693 
1 44 9074 
1 824 797 
1 92 6002 
1 7351 428 
1 8708 2909 
1 256 2038 
1 383 440 
1 5564 8828 
1 3434 211 
1 61 2203 
1 2959 1937 
1 157 1607 
1 2144 5346 
1 577 1681 
1 2232 6909 
1 466 106 
1 233 7075 
1 1632 3082 
1 6433 8375 
1 4947 793 
1 229 2325 
1 5908 1200 
1 2881 5223 
1 7533 3655 
1 792 9511 
1 951 282 
1 472 3514 
1 2585 7601 
1 145 3243 
1 3565 6522 
1 165 9969 
1 603 1748 
1 4200 3201 
1 1444 3491 
1 582 192 
1 6217 340 
1 422 637 
1 2847 56 
1 977 3099 
1 201 4363 
1 3408 7676 
1 3412 205 
1 107 8664 
1 522 9471 
1 1309 91 
1 422 4985 
1 1459 3622 
1 609 4043 
1 565 5245 
1 2607 3961 
1 4748 1140 
1 4526 5052 
1 1163 1324 
1 1684 163 
1 923 511 
1 1587 2334 
1 4898 2267 
1 771 2314 
1 2476 6198 
1 5891 1856 
1 3940 481 
1 38 887 
1 8564 123 
1 5925 772 
1 6836 81 
1 2108 232 
1 864 7369 
1 1960 835 
1 3032 1907 
1 557 520 
1 2620 7806 
1 856 4014 
1 983 7192 
1 2517 5538 
1 3889 99 
1 6916 8644 
1 242 1252 
1 7218 4571 
1 8221 693 
1 5826 879 
1 170 6462 
1 8893 930 
1 3594 109 
1 2583 2334 
1 509 1981 
1 227 839 
1 3830 3715 
1 233 820 
1 8262 2212 
1 3930 59 
1 1609 5547 
1 932 2097 
1 81 107 
1 1164 1746 
1 458 3654 
1 1573 4989 
1 847 1501 
1 3372 117 
1 7891 7356 
1 2317 4864 
1 814 60 
1 8257 356 
1 850 4162 
1 95 6527 
1 458 8758 
1 40 83 
1 6442 5099 
1 1667 61 
1 4779 4502 
1 8916 66 
1 253 9351 
1 1007 9207 
1 2581 485 
1 721 6749 
1 3255 545 
1 853 424 
1 1104 535 
1 104 6097 
1 259 5066 
1 4365 462 
1 1441 797 
1 609 2272 
1 135 360 
1 122 145 
1 2234 105 
1 2559 93 
1 1225 3693 
1 433 1785 
1 293 116 
1 226 260 
1 3549 352 
1 126 1620 
1 4348 38 
1 1093 46 
1 4001 7713 
1 1241 1827 
1 1928 5233 
1 225 1794 
1 607 694 
1 1746 6839 
1 319 6393 
1 964 194 
1 20 6535 
1 2373 1439 
1 8788 3841 
1 75 3427 
1 8252 8244 
1 905 2463 
1 276 2525 
1 6831 226 
1 3300 477 
1 1827 9857 
1 6695 290 
1 7797 3101 
1 4376 1484 
1 85 970 
1 3976 3739 
1 2663 789 
1 1970 383 
1 602 8798 
1 4694 2279 
1 1164 4722 
1 8070 5417 
1 1420 2501 
1 44 343 
1 2689 87 
1 3880 803 
1 4890 1188 
1 372 5246 
1 877 2842 
1 135 7147 
1 1627 848 
1 4063 636 
1 14 76 
1 199 7376 
1 51 885 
1 9225 3834 
1 4720 1138 
1 623 189 
1 1295 3053 
1 1652 1208 
1 5239 1088 
1 116 1842 
1 5736 43 
1 2326 811 
1 1676 7565 
1 683 5917 
1 745 86 
1 1667 94 
1 1292 1319 
1 2308 6727 
1 4494 240 
1 3460 6535 
1 832 268 
1 62 808 
1 3540 7716 
1 5300 4525 
1 4054 196 
1 134 2488 
1 142 9304 
1 5188 249 
1 588 1103 
1 688 144 
1 2295 2666 
1 917 118 
1 99 825 
1 5211 66 
1 85 123 
1 129 7875 
1 90 119 
1 545 2694 
1 5164 2586 
1 271 845 
1 219 8885 
1 836 4241 
1 1531 3817 
1 675 128 
1 2182 659 
1 207 4328 
1 99 9840 
1 706 412 
1 5436 3292 
1 386 7444 
1 8138 915 
1 1289 9600 
1 9352 237 
1 2880 432 
1 2582 105 
1 560 1129 
1 9137 7270 
1 5178 7346 
1 7570 247 
1 2523 233 
1 8478 301 
1 1911 8889 
1 2504 21 
1 721 2692 
1 799 9737 
1 2417 1256 
1 91 3665 
1 6092 136 
1 1744 9492 
1 3904 451 
1 512 850 
1 6203 1591 
1 87 806 
1 5428 902 
1 1246 4277 
1 2573 3093 
1 68 6137 
1 1440 225 
1 5854 1111 
1 8359 4604 
1 2359 327 
1 627 4943 
1 1669 2917 
1 2866 500 
1 8231 1244 
1 93 3328 
1 2718 183 
1 1153 2639 
1 69 7065 
1 9711 7248 
1 2753 7368 
1 1481 1728 
1 1238 8896 
1 1675 3021 
1 1061 489 
1 1129 3151 
1 598 14 
1 613 5761 
1 3943 1029 
1 7891 2805 
1 2248 8151 
1 7889 3891 
1 1107 99 
1 4776 4061 
1 5869 4189 
1 100 6911 
1 3658 4204 
1 1147 2564 
1 885 78 
1 2556 1378 
1 8613 4843 
1 4769 4453 
1 6972 1870 
1 708 3201 
1 971 1859 
1 1356 1970 
1 833 565 
1 2453 71 
1 4241 1848 
1 135 75 
1 684 2771 
1 9661 417 
1 5838 22 
1 59 4 
1 3588 1830 
1 2250 107 
1 4852 6186 
1 33 1101 
1 3386 3130 
1 1299 8755 
1 9185 2776 
1 1599 865 
1 1805 5397 
1 179 6230 
1 1138 2405 
1 272 3288 
1 8631 8148 
1 133 452 
1 429 2037 
1 33 1599 
1 4938 3326 
1 112 826 
1 1408 274 
1 6973 8194 
1 354 7450 
1 0 1423 
1 4244 8464 
1 85 782 
1 490 419 
1 1701 6599 
1 9896 116 
1 9866 2504 
1 7610 2467 
1 3010 1493 
1 3799 2174 
1 422 7459 
1 1272 302 
1 1160 593 
1 286 1508 
1 135 2327 
1 122 4413 
1 2714 268 
1 195 3796 
1 3209 619 
1 1615 7668 
1 7662 252 
1 5383 349 
1 217 3505 
1 2057 6222 
1 541 3924 
1 791 256 
1 394 237 
1 91 610 
1 4496 2795 
1 5691 1223 
1 792 943 
1 4540 1810 
1 7081 5410 
1 9409 2435 
1 4459 447 
1 473 953 
1 6972 8974 
1 246 3619 
1 1262 8458 
1 230 104 
1 775 5330 
1 3096 817 
1 9418 8206 
1 446 3884 
1 3927 1828 
1 334 1656 
1 2066 9455 
1 7376 5012 
1 3294 3510 
1 4486 983 
1 337 722 
1 4575 95 
1 6356 562 
1 2978 1504 
1 260 925 
1 3630 288 
1 342 1529 
1 176 2276 
1 799 1829 
1 170 2583 
1 522 1788 
1 825 2698 
1 360 552 
1 7997 4380 
1 6436 193 
1 6584 8452 
1 256 2227 
1 6524 3152 
1 7489 1985 
1 100 6373 
1 23 2720 
1 79 3879 
1 5881 2045 
1 7103 2656 
1 2307 782 
1 6613 261 
1 969 1792 
1 6305 1716 
1 1298 246 
1 6289 3345 
1 1812 72 
1 414 4963 
1 6149 4864 
1 1739 5546 
1 8808 142 
1 1516 9341 
1 1501 90 
1 1199 3861 
1 825 472 
1 353 148 
1 599 5740 
1 78 8615 
1 5131 5944 
1 2095 2607 
1 4194 89 
1 7380 53 
1 3927 4835 
1 4993 679 
1 6920 8701 
1 2085 2982 
1 288 2625 
1 5068 7886 
1 235 107 
1 6697 658 
1 929 5113 
1 2767 6872 
1 1040 266 
1 5999 5438 
1 134 9730 
1 1494 221 
1 7409 3986 
1 9668 9028 
1 7929 9006 
1 2424 2896 
1 814 155 
1 8218 2548 
1 2587 3406 
1 9034 6803 
1 1468 2372 
1 4283 43 
1 5191 5383 
1 7732 34 
1 2546 2542 
1 305 1507 
1 1479 2151 
1 412 147 
1 7038 3539 
1 8675 9093 
1 2661 682 
1 609 4160 
1 2151 1285 
1 1996 2010 
1 435 4045 
1 104 210 
1 4298 8544 
1 229 394 
1 6308 553 
1 6441 315 
1 7026 72 
1 4323 8517 
1 728 157 
1 677 34 
1 404 330 
1 1284 706 
1 1695 309 
1 6124 6569 
1 4328 3609 
1 33 556 
1 1275 42 
1 757 3286 
1 4796 387 
1 30 3178 
1 9631 9078 
1 9164 394 
1 6309 3508 
1 172 394 
1 677 6043 
1 623 1280 
1 24 6028 
1 7871 289 
1 813 94 
1 5261 59 
1 494 164 
1 9997 1444 
1 4107 122 
1 3489 5511 
1 1599 4490 
1 6596 5261 
1 82 1937 
1 1345 46 
1 5094 571 
1 248 286 
1 7882 8953 
1 3288 889 
1 751 2745 
1 2032 5888 
1 9683 63 
1 2831 3246 
1 503 3905 
1 1344 285 
1 8796 662 
1 100 414 
1 404 8430 
1 3834 9274 
1 1822 992 
1 145 1165 
1 1426 448 
1 4503 4636 
1 160 4489 
1 224 2822 
1 9427 95 
1 3558 6982 
1 1022 6698 
1 250 513 
1 8230 4252 
1 7607 487 
1 9914 5428 
1 1901 178 
1 4546 3855 
1 641 6120 
1 5248 741 
1 2550 6999 
1 529 651 
1 141 1308 
1 2622 51 
1 9488 2630 
1 1424 1789 
1 6867 69 
1 157 7130 
1 2258 680 
1 593 1026 
1 3468 8280 
1 444 722 
1 776 107 
1 108 3077 
1 228 1352 
1 1007 7968 
1 1240 9438 
1 85 111 
1 3469 9807 
1 1214 893 
1 290 115 
1 2166 1336 
1 756 1828 
1 907 134 
1 2011 515 
1 7992 2056 
1 2290 4235 
1 1980 938 
1 452 369 
1 1869 3418 
1 2053 5611 
1 99 6300 
1 9953 3722 
1 1398 100 
1 1393 669 
1 573 3726 
1 635 2753 
1 1722 5011 
1 3199 68 
1 1054 490 
1 6979 2886 
1 1046 4397 
1 6527 433 
1 4811 513 
1 3352 9054 
1 1523 2052 
1 554 152 
1 500 5391 
1 2112 2849 
1 549 7172 
1 725 7013 
1 6675 807 
1 9491 779 
1 1448 4767 
1 2675 6935 
1 922 109 
1 5573 20 
1 528 115 
1 3699 748 
1 2373 1480 
1 1618 225 
1 747 1587 
1 833 1081 
1 97 5734 
1 4975 2407 
1 2574 1711 
1 4039 1291 
1 5350 284 
1 6043 86 
1 6146 6763 
1 538 6459 
1 7927 5024 
1 494 2423 
1 3058 2124 
1 1791 65 
1 89 79 
1 95 71 
1 830 6957 
1 3186 6383 
1 594 3922 
1 703 573 
1 1111 3440 
1 731 6555 
1 3802 766 
1 1344 336 
1 2004 1528 
1 236 131 
1 1049 2925 
1 1364 3114 
1 972 224 
1 1083 966 
1 1988 648 
1 549 7747 
1 646 2083 
1 3319 133 
1 4660 967 
1 954 3379 
1 2249 1095 
1 495 4308 
1 7946 1245 
1 1602 2716 
1 7545 932 
1 375 3992 
1 6826 362 
1 1733 532 
1 3979 18 
1 103 248 
1 2535 9964 
1 71 6883 
1 3645 1014 
1 5561 1151 
1 3313 1036 
1 217 275 
1 9196 4030 
1 109 593 
1 6631 7729 
1 2986 8803 
1 1465 3060 
1 1239 123 
1 3931 219 
1 755 1339 
1 5866 73 
1 4477 3068 
1 676 7990 
1 1773 66 
1 565 874 
1 65 1038 
1 522 7042 
1 2518 7173 
1 1261 7887 
1 1242 1298 
1 3554 9637 
1 257 443 
1 223 1275 
1 233 882 
1 2175 435 
1 6339 542 
1 131 7138 
1 950 1655 
1 2333 578 
1 1269 397 
1 1348 1264 
1 272 1777 
1 1823 4836 
1 654 5421 
1 210 92 
1 6980 3682 
1 1415 858 
1 162 509 
1 5139 736 
1 2816 7102 
1 4167 2386 
1 4665 6689 
1 5386 3630 
1 4511 2420 
1 746 9580 
1 6352 699 
1 297 3210 
1 3583 776 
1 108 679 
1 8281 313 
1 3018 7259 
1 2042 846 
1 7661 2049 
1 732 929 
1 4546 456 
1 1943 9580 
1 2222 1314 
1 5326 1964 
1 884 495 
1 7635 1366 
1 4927 714 
1 4737 1281 
1 871 1389 
1 3110 80 
1 7472 1177 
1 7097 2456 
1 576 3231 
1 107 2496 
1 490 86 
1 3778 9558 
1 5586 8035 
1 955 1864 
1 124 2042 
1 4855 555 
1 4203 9895 
1 1232 2571 
1 1906 516 
1 131 2499 
1 2148 3488 
1 2968 331 
1 613 1802 
1 6162 3023 
1 4880 5362 
1 608 3491 
1 4018 1529 
1 5271 74 
1 3249 3490 
1 8003 1284 
1 287 2512 
1 1466 9375 
1 146 2869 
1 1392 4888 
1 615 886 
1 1232 550 
1 1295 1399 
1 2682 1174 
1 2730 5097 
1 1125 5825 
1 7303 4377 
1 6364 61 
1 3930 141 
1 3371 2988 
1 1451 185 
1 4781 419 
1 216 1773 
1 9181 9686 
1 1048 1408 
1 244 8044 
1 448 70 
1 281 8991 
1 36 2365 
1 385 3642 
1 973 2330 
1 2797 817 
1 797 9300 
1 3771 9917 
1 1477 5408 
1 3088 614 
1 853 3147 
1 48 2897 
1 1659 416 
1 9367 2683 
1 3150 899 
1 484 7520 
1 5814 2449 
1 2164 2697 
1 2379 1560 
1 858 4511 
1 133 315 
1 5779 760 
1 592 6058 
1 7659 77 
1 773 180 
1 6453 483 
1 499 6895 
1 150 169 
1 111 50 
1 5279 9311 
1 8382 6465 
1 1148 4458 
1 867 5765 
1 89 81 
1 60 5073 
1 6974 90 
1 289 8473 
1 1936 223 
1 2121 4755 
1 317 2824 
1 1654 7502 
1 1976 143 
1 1848 2593 
1 791 7651 
1 3389 9025 
1 74 2759 
1 263 6085 
1 2947 3319 
1 190 1839 
1 1241 264 
1 3805 5735 
1 3661 5327 
1 382 4454 
1 223 724 
1 93 220 
1 7115 115 
1 31 426 
1 1801 5311 
1 8985 1978 
1 137 223 
1 9293 9811 
1 7988 1897 
1 6709 23 
1 4005 2886 
1 771 105 
1 2940 338 
1 5605 1120 
1 1041 8709 
1 1932 9530 
1 7382 615 
1 511 9592 
1 1789 440 
1 1986 9975 
1 1715 72 
1 5167 3093 
1 4166 8016 
1 449 5137 
1 5736 2072 
1 286 53 
1 3500 1521 
1 442 1245 
1 1086 597 
1 3340 3853 
1 297 4226 
1 4827 7872 
1 3877 1925 
1 8542 2151 
1 2906 7353 
1 86 2289 
1 159 2724 
1 572 1420 
1 4537 197 
