4988 9521 
3163 4477 
3380 5658 
5921 2110 
7294 634 
1136 114 
262 6908 
828 618 
87 7055 
2383 1066 
410 3114 
778 7283 
1981 418 
276 2422 
5547 7160 
6092 440 
2299 364 
61 1910 
6523 55 
1573 3001 
964 7259 
118 3290 
1341 1113 
820 3268 
380 6111 
156 651 
799 3489 
776 6884 
584 8050 
227 123 
2100 9742 
550 757 
2154 66 
181 2536 
323 2767 
813 1506 
7854 1409 
1081 1972 
84 126 
7710 1512 
4063 1360 
1586 4499 
863 2047 
1433 471 
366 2812 
180 8935 
6509 9538 
2710 1384 
798 3753 
573 7986 
3966 119 
345 1785 
876 1592 
358 333 
7143 140 
3899 65 
1103 3719 
3520 281 
879 3825 
7913 2746 
168 2116 
7208 551 
253 3429 
6016 3983 
2304 1218 
719 1349 
5292 1032 
5062 9879 
1410 715 
4598 61 
1065 8087 
643 227 
1318 251 
663 1764 
1205 255 
3421 160 
1299 713 
102 105 
2160 59 
2696 5510 
83 5644 
2324 4552 
7022 54 
437 8036 
618 4984 
2169 1066 
587 4935 
432 4295 
778 7474 
126 2510 
9996 563 
625 1194 
2865 9034 
8688 144 
4040 293 
121 1205 
9538 98 
5737 189 
1139 2931 
1927 434 
6878 1411 
40 7827 
9651 10 
510 88 
3095 900 
635 1362 
32 155 
393 74 
4072 286 
761 1672 
7478 8303 
5613 269 
1768 389 
211 1521 
78 8973 
823 360 
6417 2042 
956 1553 
4665 4072 
805 2413 
2568 1842 
70 530 
3960 8074 
3144 3934 
3684 54 
836 69 
1467 149 
1599 4715 
371 234 
946 1343 
462 1426 
444 9025 
31 2708 
3210 7120 
324 6256 
171 3607 
123 4904 
3473 6767 
4182 4524 
8579 4637 
4307 441 
3420 2590 
5557 590 
3692 3907 
3200 4026 
6874 7706 
86 1938 
6485 3668 
5020 9598 
1569 1749 
818 1206 
1842 165 
299 2493 
2123 1002 
5628 982 
315 6173 
770 915 
2112 390 
2517 680 
1763 7148 
4006 8517 
374 4202 
2769 7967 
5084 166 
7566 140 
154 1672 
3930 816 
7066 4083 
354 5678 
3431 4693 
44 9074 
824 797 
92 6002 
7351 428 
8708 2909 
256 2038 
383 440 
5564 8828 
3434 211 
61 2203 
2959 1937 
157 1607 
2144 5346 
577 1681 
2232 6909 
466 106 
233 7075 
1632 3082 
6433 8375 
4947 793 
229 2325 
5908 1200 
2881 5223 
7533 3655 
792 9511 
951 282 
472 3514 
2585 7601 
145 3243 
3565 6522 
165 9969 
603 1748 
4200 3201 
1444 3491 
582 192 
6217 340 
422 637 
2847 56 
977 3099 
201 4363 
3408 7676 
3412 205 
107 8664 
522 9471 
1309 91 
422 4985 
1459 3622 
609 4043 
565 5245 
2607 3961 
4748 1140 
4526 5052 
1163 1324 
1684 163 
923 511 
1587 2334 
4898 2267 
771 2314 
2476 6198 
5891 1856 
3940 481 
38 887 
8564 123 
5925 772 
6836 81 
2108 232 
864 7369 
1960 835 
3032 1907 
557 520 
2620 7806 
856 4014 
983 7192 
2517 5538 
3889 99 
6916 8644 
242 1252 
7218 4571 
8221 693 
5826 879 
170 6462 
8893 930 
3594 109 
2583 2334 
509 1981 
227 839 
3830 3715 
233 820 
8262 2212 
3930 59 
1609 5547 
932 2097 
81 107 
1164 1746 
458 3654 
1573 4989 
847 1501 
3372 117 
7891 7356 
2317 4864 
814 60 
8257 356 
850 4162 
95 6527 
458 8758 
40 83 
6442 5099 
1667 61 
4779 4502 
8916 66 
253 9351 
1007 9207 
2581 485 
721 6749 
3255 545 
853 424 
1104 535 
104 6097 
259 5066 
4365 462 
1441 797 
609 2272 
135 360 
122 145 
2234 105 
2559 93 
1225 3693 
433 1785 
293 116 
226 260 
3549 352 
126 1620 
4348 38 
1093 46 
4001 7713 
1241 1827 
1928 5233 
225 1794 
607 694 
1746 6839 
319 6393 
964 194 
20 6535 
2373 1439 
8788 3841 
75 3427 
8252 8244 
905 2463 
276 2525 
6831 226 
3300 477 
1827 9857 
6695 290 
7797 3101 
4376 1484 
85 970 
3976 3739 
2663 789 
1970 383 
602 8798 
4694 2279 
1164 4722 
8070 5417 
1420 2501 
44 343 
2689 87 
3880 803 
4890 1188 
372 5246 
877 2842 
135 7147 
1627 848 
4063 636 
14 76 
199 7376 
51 885 
9225 3834 
4720 1138 
623 189 
1295 3053 
1652 1208 
5239 1088 
116 1842 
5736 43 
2326 811 
1676 7565 
683 5917 
745 86 
1667 94 
1292 1319 
2308 6727 
4494 240 
3460 6535 
832 268 
62 808 
3540 7716 
5300 4525 
4054 196 
134 2488 
142 9304 
5188 249 
588 1103 
688 144 
2295 2666 
917 118 
99 825 
5211 66 
85 123 
129 7875 
90 119 
545 2694 
5164 2586 
271 845 
219 8885 
836 4241 
1531 3817 
675 128 
2182 659 
207 4328 
99 9840 
706 412 
5436 3292 
386 7444 
8138 915 
1289 9600 
9352 237 
2880 432 
2582 105 
560 1129 
9137 7270 
5178 7346 
7570 247 
2523 233 
8478 301 
1911 8889 
2504 21 
721 2692 
799 9737 
2417 1256 
91 3665 
6092 136 
1744 9492 
3904 451 
512 850 
6203 1591 
87 806 
5428 902 
1246 4277 
2573 3093 
68 6137 
1440 225 
5854 1111 
8359 4604 
2359 327 
627 4943 
1669 2917 
2866 500 
8231 1244 
93 3328 
2718 183 
1153 2639 
69 7065 
9711 7248 
2753 7368 
1481 1728 
1238 8896 
1675 3021 
1061 489 
1129 3151 
598 14 
613 5761 
3943 1029 
7891 2805 
2248 8151 
7889 3891 
1107 99 
4776 4061 
5869 4189 
100 6911 
3658 4204 
1147 2564 
885 78 
2556 1378 
8613 4843 
4769 4453 
6972 1870 
708 3201 
971 1859 
1356 1970 
833 565 
2453 71 
4241 1848 
135 75 
684 2771 
9661 417 
5838 22 
59 4 
3588 1830 
2250 107 
4852 6186 
33 1101 
3386 3130 
1299 8755 
9185 2776 
1599 865 
1805 5397 
179 6230 
1138 2405 
272 3288 
8631 8148 
133 452 
429 2037 
33 1599 
4938 3326 
112 826 
1408 274 
6973 8194 
354 7450 
0 1423 
4244 8464 
85 782 
490 419 
1701 6599 
9896 116 
9866 2504 
7610 2467 
3010 1493 
3799 2174 
422 7459 
1272 302 
1160 593 
286 1508 
135 2327 
122 4413 
2714 268 
195 3796 
3209 619 
1615 7668 
7662 252 
5383 349 
217 3505 
2057 6222 
541 3924 
791 256 
394 237 
91 610 
4496 2795 
5691 1223 
792 943 
4540 1810 
7081 5410 
9409 2435 
4459 447 
473 953 
6972 8974 
246 3619 
1262 8458 
230 104 
775 5330 
3096 817 
9418 8206 
446 3884 
3927 1828 
334 1656 
2066 9455 
7376 5012 
3294 3510 
4486 983 
337 722 
4575 95 
6356 562 
2978 1504 
260 925 
3630 288 
342 1529 
176 2276 
799 1829 
170 2583 
522 1788 
825 2698 
360 552 
7997 4380 
6436 193 
6584 8452 
256 2227 
6524 3152 
7489 1985 
100 6373 
23 2720 
79 3879 
5881 2045 
7103 2656 
2307 782 
6613 261 
969 1792 
6305 1716 
1298 246 
6289 3345 
1812 72 
414 4963 
6149 4864 
1739 5546 
8808 142 
1516 9341 
1501 90 
1199 3861 
825 472 
353 148 
599 5740 
78 8615 
5131 5944 
2095 2607 
4194 89 
7380 53 
3927 4835 
4993 679 
6920 8701 
2085 2982 
288 2625 
5068 7886 
235 107 
6697 658 
929 5113 
2767 6872 
1040 266 
5999 5438 
134 9730 
1494 221 
7409 3986 
9668 9028 
7929 9006 
2424 2896 
814 155 
8218 2548 
2587 3406 
9034 6803 
1468 2372 
4283 43 
5191 5383 
7732 34 
2546 2542 
305 1507 
1479 2151 
412 147 
7038 3539 
8675 9093 
2661 682 
609 4160 
2151 1285 
1996 2010 
435 4045 
104 210 
4298 8544 
229 394 
6308 553 
6441 315 
7026 72 
4323 8517 
728 157 
677 34 
404 330 
1284 706 
1695 309 
6124 6569 
4328 3609 
33 556 
1275 42 
757 3286 
4796 387 
30 3178 
9631 9078 
9164 394 
6309 3508 
172 394 
677 6043 
623 1280 
24 6028 
7871 289 
813 94 
5261 59 
494 164 
9997 1444 
4107 122 
3489 5511 
1599 4490 
6596 5261 
82 1937 
1345 46 
5094 571 
248 286 
7882 8953 
3288 889 
751 2745 
2032 5888 
9683 63 
2831 3246 
503 3905 
1344 285 
8796 662 
100 414 
404 8430 
3834 9274 
1822 992 
145 1165 
1426 448 
4503 4636 
160 4489 
224 2822 
9427 95 
3558 6982 
1022 6698 
250 513 
8230 4252 
7607 487 
9914 5428 
1901 178 
4546 3855 
641 6120 
5248 741 
2550 6999 
529 651 
141 1308 
2622 51 
9488 2630 
1424 1789 
6867 69 
157 7130 
2258 680 
593 1026 
3468 8280 
444 722 
776 107 
108 3077 
228 1352 
1007 7968 
1240 9438 
85 111 
3469 9807 
1214 893 
290 115 
2166 1336 
756 1828 
907 134 
2011 515 
7992 2056 
2290 4235 
1980 938 
452 369 
1869 3418 
2053 5611 
99 6300 
9953 3722 
1398 100 
1393 669 
573 3726 
635 2753 
1722 5011 
3199 68 
1054 490 
6979 2886 
1046 4397 
6527 433 
4811 513 
3352 9054 
1523 2052 
554 152 
500 5391 
2112 2849 
549 7172 
725 7013 
6675 807 
9491 779 
1448 4767 
2675 6935 
922 109 
5573 20 
528 115 
3699 748 
2373 1480 
1618 225 
747 1587 
833 1081 
97 5734 
4975 2407 
2574 1711 
4039 1291 
5350 284 
6043 86 
6146 6763 
538 6459 
7927 5024 
494 2423 
3058 2124 
1791 65 
89 79 
95 71 
830 6957 
3186 6383 
594 3922 
703 573 
1111 3440 
731 6555 
3802 766 
1344 336 
2004 1528 
236 131 
1049 2925 
1364 3114 
972 224 
1083 966 
1988 648 
549 7747 
646 2083 
3319 133 
4660 967 
954 3379 
2249 1095 
495 4308 
7946 1245 
1602 2716 
7545 932 
375 3992 
6826 362 
1733 532 
3979 18 
103 248 
2535 9964 
71 6883 
3645 1014 
5561 1151 
3313 1036 
217 275 
9196 4030 
109 593 
6631 7729 
2986 8803 
1465 3060 
1239 123 
3931 219 
755 1339 
5866 73 
4477 3068 
676 7990 
1773 66 
565 874 
65 1038 
522 7042 
2518 7173 
1261 7887 
1242 1298 
3554 9637 
257 443 
223 1275 
233 882 
2175 435 
6339 542 
131 7138 
950 1655 
2333 578 
1269 397 
1348 1264 
272 1777 
1823 4836 
654 5421 
210 92 
6980 3682 
1415 858 
162 509 
5139 736 
2816 7102 
4167 2386 
4665 6689 
5386 3630 
4511 2420 
746 9580 
6352 699 
297 3210 
3583 776 
108 679 
8281 313 
3018 7259 
2042 846 
7661 2049 
732 929 
4546 456 
1943 9580 
2222 1314 
5326 1964 
884 495 
7635 1366 
4927 714 
4737 1281 
871 1389 
3110 80 
7472 1177 
7097 2456 
576 3231 
107 2496 
490 86 
3778 9558 
5586 8035 
955 1864 
124 2042 
4855 555 
4203 9895 
1232 2571 
1906 516 
131 2499 
2148 3488 
2968 331 
613 1802 
6162 3023 
4880 5362 
608 3491 
4018 1529 
5271 74 
3249 3490 
8003 1284 
287 2512 
1466 9375 
146 2869 
1392 4888 
615 886 
1232 550 
1295 1399 
2682 1174 
2730 5097 
1125 5825 
7303 4377 
6364 61 
3930 141 
3371 2988 
1451 185 
4781 419 
216 1773 
9181 9686 
1048 1408 
244 8044 
448 70 
281 8991 
36 2365 
385 3642 
973 2330 
2797 817 
797 9300 
3771 9917 
1477 5408 
3088 614 
853 3147 
48 2897 
1659 416 
9367 2683 
3150 899 
484 7520 
5814 2449 
2164 2697 
2379 1560 
858 4511 
133 315 
5779 760 
592 6058 
7659 77 
773 180 
6453 483 
499 6895 
150 169 
111 50 
5279 9311 
8382 6465 
1148 4458 
867 5765 
89 81 
60 5073 
6974 90 
289 8473 
1936 223 
2121 4755 
317 2824 
1654 7502 
1976 143 
1848 2593 
791 7651 
3389 9025 
74 2759 
263 6085 
2947 3319 
190 1839 
1241 264 
3805 5735 
3661 5327 
382 4454 
223 724 
93 220 
7115 115 
31 426 
1801 5311 
8985 1978 
137 223 
9293 9811 
7988 1897 
6709 23 
4005 2886 
771 105 
2940 338 
5605 1120 
1041 8709 
1932 9530 
7382 615 
511 9592 
1789 440 
1986 9975 
1715 72 
5167 3093 
4166 8016 
449 5137 
5736 2072 
286 53 
3500 1521 
442 1245 
1086 597 
3340 3853 
297 4226 
4827 7872 
3877 1925 
8542 2151 
2906 7353 
86 2289 
159 2724 
572 1420 
4537 197 
